	Yeast_level	sp1	sp2st1	sp2st2	sp2st3	sp3	sp4	sp5	sp6	sp7	sp8	Yield_Average	Yield_SD	Yield_Rank	Yeast_Average	Yeast_SD	Bac_Average	Bac_SD	Yeast_RA_Av	Yeast_RA_SD	Bac_RA_Av	Bac_RA_SD	rank_yeastAV	rank_bacAV	rank_yeastRA	rank_bacRA
yeast	100	0	0	0	0	0	0	0	0	0	0	89.76	0.23	54	1.4611944e+007	1401091	0	0	100	0	0	0	99	15	99	15
yeast+sp2st1/100	100	0	1	0	0	0	0	0	0	0	0	87.46	1.68	42	1.1491333e+007	1036925	1173667	543250.9	90.56316	4.516461	9.436837	4.516461	75	94	21	96
yeast+sp2st2/100	100	0	0	1	0	0	0	0	0	0	0	91.38	3.04	69	1.1861667e+007	759852.8	910666.7	369700.2	92.78804	3.017142	7.211965	3.017142	88	90	26	93
yeast+sp1/100	100	1	0	0	0	0	0	0	0	0	0	92.79	1.35	86	1.2465333e+007	1285254	976000	151290	92.71383	1.013181	7.286172	1.013181	95	91	25	76
yeast+sp5/100	100	0	0	0	0	0	0	1	0	0	0	90.35	0.15	60	9888000	1569242	1299000	225877.5	87.97117	3.585018	12.02883	3.585018	32	95	19	95
yeast+sp2st1+sp1/100	100	1	1	0	0	0	0	0	0	0	0	69.73	3.7	19	9921667	768852.1	1161000	260853.7	89.64031	1.482688	10.35969	1.482688	35	93	20	89
yeast+sp2st2+sp1/100	100	1	0	1	0	0	0	0	0	0	0	89.31	0.48	51	1.0639333e+007	854800.7	2085000	703412.2	83.63571	5.319543	16.36429	5.319543	54	96	18	97
yeast+sp2st2+sp1+sp5/100	100	1	0	1	0	0	0	1	0	0	0	91.49	0	73	1.0474333e+007	542918.2	2779667	1136567	79.60504	6.327694	20.39496	6.327694	50	98	16	98
yeast+sp2st1+sp1+sp5/100	100	1	1	0	0	0	0	1	0	0	0	71.12	2.54	20	9821667	1089682	2109667	1202711	82.42412	10.00433	17.57588	10.00433	29	97	17	99
yeast+sp2st3/100	100	0	0	0	1	0	0	0	0	0	0	85.1	0.82	36	9703667	146256.2	590666.7	135632.7	90.9	0.030224	9.101282	0.030224	27	87	22	16
yeast+sp7/100	100	0	0	0	0	0	0	0	0	1	0	85.86	0.89	38	1.0088e+007	403644.2	850000	104124.9	94.28647	1.22133	5.713528	1.22133	40	89	28	84
yeast+sp8/100	100	0	0	0	0	0	0	0	0	0	1	83.92	0.53	35	9693000	606867.9	5622000	458323.8	92.19716	1.171388	7.802835	1.171388	26	99	24	82
yeast+sp3/100	100	0	0	0	0	1	0	0	0	0	0	89.6	1.65	53	1.1104e+007	467527.5	1051000	82101.56	63.3134	1.026198	36.6866	1.026198	66	92	15	78
yeast+sp6/100	100	0	0	0	0	0	0	0	1	0	0	88.58	1.1	45	9769667	1005552	422666.7	24073.96	91.34815	0.672548	8.651851	0.672548	28	83	23	67
yeast+sp4/100	100	0	0	0	0	0	1	0	0	0	0	91.71	1.46	76	1.1437333e+007	1924506	570888.9	300557.7	95.56371	1.718764	4.436286	1.718764	74	86	31	90
yeast+sp2st1+sp4/100	100	0	1	0	0	0	1	0	0	0	0	90.03	1.02	56	1.1103778e+007	1723914	266000	111204.8	97.77005	0.698355	2.229946	0.698355	65	74	41	70
yeast+sp2st1+sp3/100	100	0	1	0	0	1	0	0	0	0	0	90.52	0.63	61	1.1368444e+007	1331163	90000	41497.88	99.25012	0.297564	0.749877	0.297564	70	36	83	47
yeast+sp2st1+sp6/100	100	1	1	0	0	0	0	0	1	0	0	94.03	0.51	92	1.1629111e+007	1703698	88444.44	35466.56	99.27723	0.217372	0.722774	0.217372	83	34	86	36
yeast+sp2st1+sp1+sp3/100	100	1	1	0	0	1	0	0	0	0	0	85.58	2.02	37	1.0734e+007	1354475	75777.78	22206.66	99.30722	0.154814	0.692778	0.154814	60	27	89	27
yeast+sp2st1+sp1+sp6/100	100	1	1	0	0	0	0	0	1	0	0	89.13	0.32	48	1.0208444e+007	1776283	184000	86955.08	98.33793	0.61056	1.662069	0.61056	44	58	54	65
yeast+sp2st1+sp1+sp4/100	100	1	1	0	0	0	1	0	0	0	0	90.1	2.33	58	9936889	1347161	287555.6	138200.4	97.33409	1.088965	2.665906	1.088965	36	78	35	79
yeast+sp2st1+sp1+sp4+sp5/100	100	1	1	0	0	0	1	1	0	0	0	91.95	1.77	79	1.0187333e+007	1900076	234888.9	80543.22	97.8074	0.49226	2.192603	0.49226	43	69.5	43	56
yeast+sp2st1+sp1+sp5+sp3/100	100	1	1	0	0	1	0	1	0	0	0	81.33	1.38	29	1.1623556e+007	1638181	240666.7	148701	98.10413	1.113941	1.895875	1.113941	82	71	48	81
yeast+sp2st1+sp1+sp3+sp6/100	100	1	1	0	0	1	0	0	1	0	0	92.12	2.2	81	1.0898e+007	1126238	113555.6	30289.14	98.9874	0.179778	1.012595	0.179778	61	45	73	30
yeast+sp2st1+sp1+sp4+sp6/100	100	1	1	0	0	0	1	0	1	0	0	79.88	4.34	25	1.2211556e+007	1932233	19777.78	6308.92	99.84036	0.037499	0.159638	0.037499	93	16	98	18
yeast+sp2st1+sp1+sp5+sp6/100	100	1	1	0	0	0	0	1	1	0	0	91.27	0.77	68	9174222	877590.4	101111.1	27975.3	98.92694	0.222823	1.073059	0.222823	21	40	71	38
yeast+sp2st1+sp1+sp3+sp6/100	100	1	1	0	0	1	0	0	1	0	0	92.11	3.25	80	1.0933111e+007	2231823	65333.33	9843.215	99.39494	0.067566	0.60506	0.067566	62	22	92	20
yeast+sp2st1+sp1+sp5+sp3+sp6/100	100	1	1	0	0	1	0	1	1	0	0	93.95	1.07	91	1.0255778e+007	627485.4	87111.11	27847.91	99.17111	0.230815	0.828891	0.230815	47	33	81	39
yeast+sp2st1+sp1+sp4+sp5+sp3+sp6/100	100	1	1	0	0	1	1	1	1	0	0	92.58	1.55	84	1.0070667e+007	663779.7	157555.6	56540.6	98.48654	0.486123	1.513464	0.486123	39	56	56	54
yeast+sp2st1+sp4+sp5/100	100	1	1	0	0	0	1	1	0	0	0	93.89	0.85	90	1.1586222e+007	2440784	254000	89642.91	97.92872	0.356853	2.071278	0.356853	80	72	46	51
yeast+sp2st1+sp4+sp5+sp3/100	100	0	1	0	0	1	1	1	0	0	0	93.72	1.31	89	9561333	1265680	184888.9	68052.99	98.1599	0.490745	1.840102	0.490745	22	59	50	55
yeast+sp2st1+sp4+sp5+sp3+sp6/100	100	0	1	0	0	1	1	1	1	0	0	92.51	4.31	83	8550889	753133.6	319555.6	200086.2	96.45351	2.185286	3.546489	2.185286	19	81	32	92
yeast+sp2st1+sp4+sp3/100	100	0	1	0	0	1	1	0	0	0	0	94.82	2.28	94	1.1174667e+007	1842765	314000	155818.5	97.35957	1.206475	2.640432	1.206475	67	79	37	83
yeast+sp2st1+sp4+sp6/100	100	0	1	0	0	0	1	0	1	0	0	90.08	1.75	57	1.0222e+007	1362542	283111.1	98622.11	97.37785	0.65016	2.622147	0.65016	46	77	38	66
yeast+sp2st1+sp5+sp3/100	100	0	1	0	0	1	0	1	0	0	0	89.51	2.71	52	1.0714889e+007	1258347	119555.6	45006.45	98.92231	0.329333	1.077689	0.329333	58	48	70	50
yeast+sp2st1+sp5+sp3+sp6/100	100	0	1	0	0	1	0	1	1	0	0	93.69	2.87	88	9879111	1600634	88888.89	41648.74	99.14911	0.25195	0.850894	0.25195	31	35	78	42
yeast+sp2st1+sp5+sp6/100	100	0	1	0	0	0	0	1	1	0	0	85.96	8.11	40	1.0491778e+007	1580985	94444.44	10389.93	99.102	0.042704	0.897999	0.042704	51	38	74	19
yeast+sp2st2+sp4/100	100	0	0	1	0	0	1	0	0	0	0	88.47	1.18	44	1.0160222e+007	1434643	234888.9	91849.04	97.79944	0.682995	2.200563	0.682995	42	69.5	42	68
yeast+sp2st2+sp3/100	100	0	0	1	0	1	0	0	0	0	0	88.91	0.97	47	1.0042222e+007	1022608	106444.4	59085.21	98.97578	0.499777	1.024219	0.499777	38	41	72	58
yeast+sp2st2+sp6/100	100	0	0	1	0	0	0	0	1	0	0	90.21	2.16	59	1.1412889e+007	1572867	90222.22	30425.79	99.23821	0.180108	0.761786	0.180108	71	37	82	31
yeast+sp2st2+sp1+sp3/100	100	1	0	1	0	1	0	0	0	0	0	90.92	1.28	65	1.1732667e+007	2252460	46000	24043.17	99.63772	0.159887	0.362277	0.159887	85	18	97	28
yeast+sp2st2+sp1+sp6/100	100	1	0	1	0	0	0	0	1	0	0	91.84	2.88	78	1.1202e+007	1699509	81555.56	36774.92	99.30575	0.253313	0.694246	0.253313	68	28	88	43
yeast+sp2st2+sp1+sp4/100	100	1	0	1	0	0	1	0	0	0	0	91.14	0.93	66	1.1050889e+007	1558918	220000	72614.66	98.10511	0.426563	1.894893	0.426563	63	67	49	53
yeast+sp2st2+sp1+sp4+sp5/100	100	1	0	1	0	0	1	1	0	0	0	91.47	1.67	72	1.0674889e+007	2303750	222444.4	123380	97.84674	1.378054	2.153262	1.378054	56	68	44	87
yeast+sp2st2+sp1+sp4+sp5+sp3/100	100	1	0	1	0	1	1	1	0	0	0	91.5	0.33	74	1.0340667e+007	1828778	205555.6	168651.6	98.21012	1.275282	1.789883	1.275282	49	65	51	86
yeast+sp2st2+sp1+sp3+sp6/100	100	1	0	1	0	1	0	0	1	0	0	90.8	2.03	64	1.1086444e+007	2547860	114444.4	3861.81	98.90359	0.329116	1.096411	0.329116	64	46	67	49
yeast+sp1+sp4+sp6/100	100	1	0	0	0	0	1	0	1	0	0	89.27	2.18	50	1.1752222e+007	1697208	144222.2	68562.67	98.81555	0.497667	1.184451	0.497667	86	52	65	57
yeast+sp2st2+sp1+sp4+sp5+sp3+sp6/100	100	1	0	1	0	1	1	1	1	0	0	91.17	2.67	67	8193778	940188.5	70444.44	12139.11	99.14584	0.112436	0.854159	0.112436	16	23.5	77	22
yeast+sp2st2+sp1+sp5+sp3/100	100	1	0	1	0	1	0	1	0	0	0	89.79	1.39	55	1.0634667e+007	1577330	70444.44	29218.63	99.37136	0.196589	0.628641	0.196589	53	23.5	90	33
yeast+sp2st2+sp1+sp5+sp3+sp6/100	100	1	0	1	0	1	0	1	1	0	0	86.06	1.99	41	8505333	660670.6	107555.6	74999.92	98.7845	0.771919	1.215495	0.771919	18	42	64	73
yeast+sp2st2+sp1+sp3+sp6/100	100	1	0	1	0	1	0	0	1	0	0	83.89	0	34	9130444	1360322	85777.78	52012.34	99.13194	0.50013	0.868059	0.50013	20	32	75	59
yeast+sp2st2+sp4+sp5/100	100	0	0	1	0	0	1	1	0	0	0	87.63	1.21	43	1.0729333e+007	1663195	254666.7	83336	97.61148	0.880719	2.388522	0.880719	59	73	40	75
yeast+sp2st2+sp4+sp5+sp3/100	100	0	0	1	0	1	1	1	0	0	0	92.32	0	82	1.1209556e+007	1309683	193777.8	93527.31	98.3224	0.772314	1.677598	0.772314	69	61	53	74
yeast+sp2st2+sp4+sp5+sp3+sp6/100	100	0	0	1	0	1	1	1	1	0	0	50.75	5.36	15	9604444	1167352	147777.8	67264.72	98.54523	0.577083	1.454766	0.577083	24	53	57	62
yeast+sp2st2+sp4+sp3/100	100	0	0	1	0	1	1	0	0	0	0	96	119.16	99	1.2225333e+007	1183227	177777.8	52646.5	98.5966	0.309124	1.403399	0.309124	94	57	60	48
yeast+sp2st2+sp4+sp6/100	100	0	0	1	0	1	0	0	1	0	0	89.24	2.23	49	1.0270889e+007	1510254	219777.8	140053.3	97.90662	1.410715	2.093379	1.410715	48	66	45	88
yeast+sp2st2+sp5+sp3/100	100	0	0	1	0	1	0	1	0	0	0	91.44	2.41	71	9593111	2117670	203111.1	105763.3	98.05992	0.587477	1.940084	0.587477	23	63	47	63
yeast+sp2st2+sp5+sp3+sp6/100	100	0	0	1	0	1	0	1	1	0	0	92.89	1.04	87	1.1874222e+007	1796594	84222.22	10945.43	99.26737	0.20186	0.732627	0.20186	90	30	84	35
yeast+sp2st2+sp5+sp6/100	100	0	0	1	0	0	0	1	1	0	0	62.04	1.33	17	8282222	1013042	110666.7	51522.02	98.6483	0.714831	1.3517	0.714831	17	43	61	71
yeast+sp2st2+sp5+sp6/100	100	0	0	1	0	0	0	1	1	0	0	90.6	1.21	63	1.3123778e+007	1199778	113111.1	40931.14	99.16802	0.241678	0.831984	0.241678	97	44	80	41
yeast+sp1+sp4/100	100	1	0	0	0	0	1	0	0	0	0	88.66	1.38	46	1.1434222e+007	1265211	197777.8	103769.5	98.35982	0.737725	1.640175	0.737725	73	62	55	72
yeast+sp1+sp3/100	100	1	0	0	0	1	0	0	0	0	0	85.91	2.88	39	1.2816667e+007	1702225	56000	9443.791	99.56626	0.032856	0.433743	0.032856	96	20	95	17
yeast+sp1+sp6/100	100	1	0	0	0	0	0	0	1	0	0	91.41	2.26	70	9956222	1170049	55111.11	28763.83	99.46014	0.266616	0.539861	0.266616	37	19	93	46
yeast+sp1+sp4+sp5/100	100	1	0	0	0	0	1	1	0	0	0	91.55	1.72	75	1.1430222e+007	1425604	155333.3	81065.13	98.70834	0.548766	1.291665	0.548766	72	55	62	61
yeast+sp1+sp4+sp3/100	100	1	0	0	0	1	1	0	0	0	0	60.49	8.85	16	1.2015333e+007	1034754	139555.6	41790.78	98.87395	0.264855	1.126048	0.264855	91	51	66	45
yeast+sp1+sp4+sp6/100	100	1	0	0	0	0	1	0	1	0	0	98.38	1.64	98	1.3247778e+007	829628.4	192666.7	36709.07	98.57718	0.199521	1.422817	0.199521	98	60	59	34
yeast+sp1+sp4+sp5+sp3/100	100	1	0	0	0	1	1	1	0	0	0	67.2	1.62	18	1.1577556e+007	1666445	100444.4	31469.37	99.13471	0.23464	0.865289	0.23464	79	39	76	40
yeast+sp1+sp4+sp5+sp6/100	100	1	0	0	0	0	1	1	1	0	0	96.6	2.1	97	1.1704e+007	2842837	131777.8	49418.35	98.91976	0.222279	1.080239	0.222279	84	50	69	37
yeast+sp1+sp4+sp3+sp6/100	100	1	0	0	0	1	1	0	1	0	0	96.3	1.76	96	9897556	1364304	118444.4	87154.75	98.90463	0.689591	1.095371	0.689591	33	47	68	69
yeast+sp1+sp4+sp5+sp3+sp6/100	100	1	0	0	0	1	1	1	1	0	0	90.53	3.61	62	1.1518889e+007	325261.5	205111.1	16567.11	98.25124	0.123371	1.748761	0.123371	77	64	52	23
yeast+sp1+sp5+sp3/100	100	1	0	0	0	1	0	1	0	0	0	95.45	0.77	95	1.2051778e+007	855580.6	73111.11	14322.56	99.39313	0.130275	0.60687	0.130275	92	26	91	25
yeast+sp1+sp5+sp6/100	100	1	0	0	0	0	0	1	1	0	0	92.65	2.71	85	1.1843111e+007	367506.2	85333.33	16027.75	99.28226	0.144134	0.717739	0.144134	87	31	87	26
yeast+sp1+sp5+sp3+sp6/100	100	1	0	0	0	1	0	1	1	0	0	91.72	3.6	77	1.1870444e+007	1166715	59111.11	15798.11	99.50618	0.125873	0.493815	0.125873	89	21	94	24
yeast+sp1+sp3+sp6/100	100	1	0	0	0	1	0	0	1	0	0	94.06	1.55	93	1.1592889e+007	2411957	44444.44	18429.71	99.6346	0.079109	0.365401	0.079109	81	17	96	21
yeast+sp4+sp5/100	100	0	0	0	0	0	1	1	0	0	0	80.2	2.52	28	1.0536444e+007	1238549	546000	315811.5	94.99518	3.119866	5.004817	3.119866	52	85	29	94
yeast+sp4+sp3/100	100	0	0	0	0	1	1	0	0	0	0	82.6	2.75	32	7752000	1225159	543333.3	173139.2	93.40064	1.843164	6.599355	1.843164	15	84	27	91
yeast+sp4+sp6/100	100	0	0	0	0	0	1	0	1	0	0	81.71	2.95	30	1.1506e+007	1586459	381555.6	134268.2	96.80461	1.104756	3.195389	1.104756	76	82	33	80
yeast+sp4+sp5+sp3/100	100	0	0	0	0	1	1	1	0	0	0	76.85	1.6	23	1.1541556e+007	2068952	602888.9	230272.8	95.13559	1.248709	4.864409	1.248709	78	88	30	85
yeast+sp4+sp5+sp6/100	100	0	0	0	0	0	1	1	1	0	0	82.57	3.51	31	1.0677778e+007	1327490	318666.7	85543.14	97.15609	0.424568	2.843912	0.424568	57	80	34	52
yeast+sp4+sp3+sp6/100	100	0	0	0	0	1	1	0	1	0	0	72.4	4.88	21	1.0652889e+007	766010.2	281555.6	79744.65	97.4597	0.605741	2.540298	0.605741	55	76	39	64
yeast+sp4+sp5+sp3+sp6/100	100	0	0	0	0	1	1	1	1	0	0	83.06	1.87	33	9904667	1186796	272666.7	108931.5	97.35299	1.015665	2.647006	1.015665	34	75	36	77
yeast+sp5+sp3/100	100	0	0	0	0	1	0	1	0	0	0	79.91	1.79	26	1.0216667e+007	1213143	130444.4	34029.76	98.76004	0.188554	1.23996	0.188554	45	49	63	32
yeast+sp5+sp6/100	100	0	0	0	0	0	0	1	1	0	0	74.18	2.77	22	1.0138444e+007	568925.8	150000	52699.01	98.5496	0.504441	1.450396	0.504441	41	54	58	60
yeast+sp5+sp3+sp6/100	100	0	0	0	0	1	0	1	1	0	0	80.16	2.97	27	9871778	2302595	72444.44	34488.14	99.2704	0.255787	0.7296	0.255787	30	25	85	44
yeast+sp3+sp6/100	100	0	0	0	0	1	0	0	1	0	0	78.27	0.59	24	9657111	1042165	82888.89	21618.46	99.16012	0.163601	0.839877	0.163601	25	29	79	29
